buca1
INITIAL HISTOGRAM 
[0, 0, 0, 0, 0, 0, 0, 0, 0, 0, 0, 0, 0, 0, 0, 0, 0, 0, 0, 0, 0, 0, 0, 0, 0, 0, 0, 0, 0, 0, 0, 0, 0, 0, 0, 0, 0, 0, 0, 0, 0, 0, 0, 0, 0, 0, 0, 0, 0, 0, 0, 0, 0, 0, 0, 0, 0, 0, 0, 0, 0, 0, 0, 0, 0, 0, 0, 0, 0, 0, 0, 0, 0, 0, 0, 0, 0, 0, 0, 0, 0, 0, 0, 0, 0, 0, 0, 0, 0, 0, 0, 0, 0, 0, 6, 101, 716, 1637, 2909, 5484, 6249, 7860, 8271, 8512, 9176, 9712, 9214, 9392, 9472, 9649, 10463, 11727, 14326, 18391, 24649, 29858, 35822, 41370, 38417, 37144, 33307, 29637, 27076, 24207, 21170, 19842, 19611, 18602, 17748, 17431, 17206, 17056, 16765, 16697, 16223, 16729, 16817, 16866, 17104, 17324, 17676, 17858, 18382, 18699, 18981, 18996, 19395, 19571, 19237, 19694, 19756, 20429, 22079, 26571, 33363, 42502, 53026, 64387, 73491, 77476, 78715, 76334, 84434, 71251, 80254, 79209, 75200, 71012, 68123, 62404, 58093, 55302, 54022, 52865, 53768, 55571, 58113, 59518, 60823, 67564, 79279, 88717, 89583, 86676, 87728, 82964, 72982, 73944, 79696, 80273, 39938, 72070, 65061, 59386, 56410, 57346, 56053, 55056, 57852, 60185, 51150, 36625, 27835, 24839, 20458, 16388, 15306, 13087, 12538, 10770, 8963, 6746, 4808, 4218, 3411, 2918, 2227, 1615, 784, 602, 580, 372, 271, 112, 9, 0, 0, 0, 0, 0, 0, 0, 0, 0, 0, 0, 0, 0, 0, 0, 0, 0, 0, 0, 0, 0, 0, 0, 0, 0, 0, 0, 0, 0, 0, 0]

CDF
[0, 0, 0, 0, 0, 0, 0, 0, 0, 0, 0, 0, 0, 0, 0, 0, 0, 0, 0, 0, 0, 0, 0, 0, 0, 0, 0, 0, 0, 0, 0, 0, 0, 0, 0, 0, 0, 0, 0, 0, 0, 0, 0, 0, 0, 0, 0, 0, 0, 0, 0, 0, 0, 0, 0, 0, 0, 0, 0, 0, 0, 0, 0, 0, 0, 0, 0, 0, 0, 0, 0, 0, 0, 0, 0, 0, 0, 0, 0, 0, 0, 0, 0, 0, 0, 0, 0, 0, 0, 0, 0, 0, 0, 0, 0, 6, 107, 823, 2460, 5369, 10853, 17102, 24962, 33233, 41745, 50921, 60633, 69847, 79239, 88711, 98360, 108823, 120550, 134876, 153267, 177916, 207774, 243596, 284966, 323383, 360527, 393834, 423471, 450547, 474754, 495924, 515766, 535377, 553979, 571727, 589158, 606364, 623420, 640185, 656882, 673105, 689834, 706651, 723517, 740621, 757945, 775621, 793479, 811861, 830560, 849541, 868537, 887932, 907503, 926740, 946434, 966190, 986619, 1008698, 1035269, 1068632, 1111134, 1164160, 1228547, 1302038, 1379514, 1458229, 1534563, 1618997, 1690248, 1770502, 1849711, 1924911, 1995923, 2064046, 2126450, 2184543, 2239845, 2293867, 2346732, 2400500, 2456071, 2514184, 2573702, 2634525, 2702089, 2781368, 2870085, 2959668, 3046344, 3134072, 3217036, 3290018, 3363962, 3443658, 3523931, 3563869, 3635939, 3701000, 3760386, 3816796, 3874142, 3930195, 3985251, 4043103, 4103288, 4154438, 4191063, 4218898, 4243737, 4264195, 4280583, 4295889, 4308976, 4321514, 4332284, 4341247, 4347993, 4352801, 4357019, 4360430, 4363348, 4365575, 4367190, 4367974, 4368576, 4369156, 4369528, 4369799, 4369911, 4369920, 4369920, 4369920, 4369920, 4369920, 4369920, 4369920, 4369920, 4369920, 4369920, 4369920, 4369920, 4369920, 4369920, 4369920, 4369920, 4369920, 4369920, 4369920, 4369920, 4369920, 4369920, 4369920, 4369920, 4369920, 4369920, 4369920, 4369920, 4369920, 4369920, 4369920]

EQUALIZED HISTOGRAM 
[10847, 22380, 17688, 9718, 18606, 19121, 22190, 14326, 18391, 24649, 29858, 0, 35822, 0, 41370, 0, 0, 38417, 0, 37144, 0, 33307, 0, 29637, 0, 27076, 24207, 0, 21170, 19842, 19611, 18602, 17748, 17431, 17206, 17056, 16765, 16697, 16223, 16729, 16817, 16866, 17104, 17324, 17676, 17858, 18382, 18699, 18981, 0, 18996, 19395, 19571, 19237, 19694, 19756, 20429, 0, 22079, 26571, 33363, 0, 42502, 0, 0, 53026, 0, 0, 64387, 0, 0, 0, 73491, 0, 0, 0, 77476, 0, 0, 0, 78715, 0, 0, 0, 0, 76334, 0, 0, 0, 0, 84434, 0, 0, 0, 71257, 101, 716, 1637, 2909, 85738, 6249, 7860, 8271, 87721, 9176, 9712, 9214, 9392, 84672, 9649, 10463, 11727, 85338, 18391, 24649, 29858, 103945, 41370, 38417, 37144, 95711, 29637, 27076, 24207, 79263, 19842, 19611, 73904, 17748, 17431, 17206, 71078, 16765, 16697, 69088, 16729, 16817, 70634, 17104, 17324, 73247, 17858, 18382, 76812, 18981, 18996, 19395, 79089, 19237, 19694, 80579, 20429, 22079, 26571, 100927, 42502, 53026, 64387, 152770, 77476, 78715, 76334, 173151, 71251, 80254, 79209, 75200, 160595, 68123, 62404, 58093, 55302, 54022, 139541, 53768, 55571, 58113, 59518, 148551, 67564, 79279, 88717, 89583, 169640, 87728, 82964, 72982, 73944, 152678, 80273, 39938, 72070, 139005, 59386, 56410, 57346, 135749, 55056, 57852, 60185, 51150, 116898, 27835, 24839, 20458, 16388, 55244, 13087, 84608, 10770, 8963, 6746, 69869, 4218, 3411, 2918, 61613, 1615, 784, 57012, 580, 372, 271, 57458, 9, 0, 56053, 0, 0, 55056, 0, 0, 0, 57852, 0, 0, 60185, 0, 0, 51150, 0, 0, 36625, 0, 0, 27835, 24839, 0, 20458, 16388, 15306, 25625, 10770, 15709, 15355, 6572]

parallel: 10x
Loaded image W = 2560, H = 1707, actual cpp = 3 
Kernel Execution time is: 1.1806 milliseconds 
                           
sequential: 10x            
Kernel Execution time is: 49685.0430 milliseconds 
                           
Kernel Execution time is: 110.7117 milliseconds 














pa3cio-neq
INITIAL HISTOGRAM 
[0, 0, 0, 0, 0, 0, 0, 0, 0, 0, 0, 0, 0, 0, 0, 0, 0, 0, 0, 0, 0, 0, 0, 0, 0, 0, 0, 0, 0, 0, 0, 0, 0, 0, 0, 0, 0, 0, 0, 0, 0, 0, 0, 0, 0, 0, 0, 0, 0, 0, 0, 0, 0, 0, 0, 0, 0, 0, 0, 0, 0, 0, 0, 0, 0, 0, 0, 0, 0, 0, 0, 0, 0, 0, 0, 0, 0, 0, 0, 0, 0, 0, 0, 0, 0, 0, 0, 0, 0, 0, 0, 0, 0, 0, 0, 0, 0, 0, 2, 178, 603, 1274, 1895, 1819, 1943, 1911, 1886, 1916, 2004, 2022, 1954, 1819, 1779, 1619, 1528, 1552, 1493, 1425, 1370, 1306, 1360, 1380, 1414, 1414, 1483, 1508, 1481, 1376, 1260, 941, 749, 672, 568, 714, 811, 991, 1296, 1641, 1995, 2105, 2444, 3251, 4324, 5450, 5833, 6199, 5721, 3345, 2320, 1589, 503, 202, 128, 63, 59, 68, 43, 1, 0, 0, 0, 0, 0, 0, 0, 0, 0, 0, 0, 0, 0, 0, 0, 0, 0, 0, 0, 0, 0, 0, 0, 0, 0, 0, 0, 0, 0, 0, 0, 0, 0, 0, 0, 0, 0, 0, 0, 0, 0, 0, 0, 0, 0, 0, 0, 0, 0, 0, 0, 0, 0, 0, 0, 0, 0, 0, 0, 0, 0, 0, 0, 0, 0, 0, 0, 0, 0, 0, 0, 0, 0, 0, 0, 0, 0, 0, 0, 0, 0, 0, 0, 0, 0, 0, 0, 0, 0, 0, 0, 0, 0, 0, 0, 0, 0, 0]

CDF
[0, 0, 0, 0, 0, 0, 0, 0, 0, 0, 0, 0, 0, 0, 0, 0, 0, 0, 0, 0, 0, 0, 0, 0, 0, 0, 0, 0, 0, 0, 0, 0, 0, 0, 0, 0, 0, 0, 0, 0, 0, 0, 0, 0, 0, 0, 0, 0, 0, 0, 0, 0, 0, 0, 0, 0, 0, 0, 0, 0, 0, 0, 0, 0, 0, 0, 0, 0, 0, 0, 0, 0, 0, 0, 0, 0, 0, 0, 0, 0, 0, 0, 0, 0, 0, 0, 0, 0, 0, 0, 0, 0, 0, 0, 0, 0, 0, 0, 0, 2, 180, 783, 2057, 3952, 5771, 7714, 9625, 11511, 13427, 15431, 17453, 19407, 21226, 23005, 24624, 26152, 27704, 29197, 30622, 31992, 33298, 34658, 36038, 37452, 38866, 40349, 41857, 43338, 44714, 45974, 46915, 47664, 48336, 48904, 49618, 50429, 51420, 52716, 54357, 56352, 58457, 60901, 64152, 68476, 73926, 79759, 85958, 91679, 95024, 97344, 98933, 99436, 99638, 99766, 99829, 99888, 99956, 99999, 100000, 100000, 100000, 100000, 100000, 100000, 100000, 100000, 100000, 100000, 100000, 100000, 100000, 100000, 100000, 100000, 100000, 100000, 100000, 100000, 100000, 100000, 100000, 100000, 100000, 100000, 100000, 100000, 100000, 100000, 100000, 100000, 100000, 100000, 100000, 100000, 100000, 100000, 100000, 100000, 100000, 100000, 100000, 100000, 100000, 100000, 100000, 100000, 100000, 100000, 100000, 100000, 100000, 100000, 100000, 100000, 100000, 100000, 100000, 100000, 100000, 100000, 100000, 100000, 100000, 100000, 100000, 100000, 100000, 100000, 100000, 100000, 100000, 100000, 100000, 100000, 100000, 100000, 100000, 100000, 100000, 100000, 100000, 100000, 100000, 100000, 100000, 100000, 100000, 100000, 100000, 100000, 100000, 100000, 100000, 100000, 100000, 100000]

EQUALIZED HISTOGRAM 
[781, 0, 1274, 0, 0, 1895, 0, 0, 0, 0, 1819, 0, 0, 0, 0, 1943, 0, 0, 0, 0, 1911, 0, 0, 0, 0, 1886, 0, 0, 0, 1916, 0, 0, 0, 0, 2004, 0, 0, 0, 0, 2022, 0, 0, 0, 0, 0, 1954, 0, 0, 0, 1819, 0, 0, 0, 0, 1779, 0, 0, 0, 0, 1619, 0, 0, 0, 1528, 0, 0, 0, 1552, 0, 0, 0, 1493, 0, 0, 1425, 0, 0, 0, 1370, 0, 0, 0, 1306, 0, 0, 1360, 0, 0, 1380, 0, 0, 0, 1414, 0, 0, 1414, 0, 0, 2, 1661, 603, 1274, 1895, 3327, 1943, 1911, 1886, 3397, 2004, 2022, 1954, 3195, 1779, 1619, 2788, 1552, 1493, 2366, 1370, 1306, 2109, 1380, 2086, 1982, 1483, 2222, 1481, 2187, 1260, 1932, 749, 1968, 568, 714, 2452, 991, 1296, 1641, 1995, 4100, 2444, 3251, 4324, 5450, 7938, 6199, 5721, 3345, 2320, 4033, 503, 202, 128, 63, 59, 3319, 43, 1, 0, 0, 0, 0, 0, 0, 4324, 0, 0, 0, 0, 0, 0, 0, 0, 0, 0, 5450, 0, 0, 0, 0, 0, 0, 0, 0, 0, 0, 0, 0, 0, 5833, 0, 0, 0, 2, 0, 0, 0, 0, 0, 0, 0, 0, 0, 6199, 0, 0, 0, 0, 0, 0, 0, 0, 0, 0, 0, 0, 0, 0, 0, 5721, 0, 0, 0, 0, 0, 0, 0, 0, 0, 0, 0, 0, 0, 0, 3345, 0, 0, 0, 0, 0, 0, 0, 2320, 0, 0, 0, 0, 0, 1589, 0, 0, 0, 503, 0, 393, 171]
Loaded image W = 400, H = 250, actual cpp = 4 
Kernel Execution time is: 0.1918 milliseconds 

Kernel Execution time is: 52.0048 milliseconds

Kernel Execution time is: 2.5469 milliseconds 













flower1-neq
INITIAL HISTOGRAM 
[0, 0, 0, 0, 0, 0, 0, 0, 0, 0, 0, 0, 0, 0, 0, 0, 0, 0, 0, 0, 0, 0, 0, 0, 0, 0, 0, 0, 0, 0, 0, 0, 0, 0, 9, 33, 91, 162, 102, 239, 156, 150, 147, 149, 238, 196, 201, 202, 202, 181, 196, 241, 271, 279, 226, 231, 243, 271, 325, 393, 432, 324, 245, 257, 369, 441, 521, 540, 466, 437, 446, 545, 740, 958, 1475, 1679, 1927, 1280, 2169, 4422, 3200, 3837, 4670, 4664, 2962, 4881, 4546, 3210, 3706, 4040, 2717, 2731, 2535, 3209, 3869, 4222, 4287, 3837, 3362, 3119, 3311, 4298, 4766, 5280, 5475, 5177, 4732, 6709, 7351, 8937, 8942, 6872, 5348, 4393, 4307, 4900, 5193, 4990, 4601, 4651, 4290, 4568, 5641, 6301, 6398, 6679, 6222, 5575, 6159, 7788, 9897, 9252, 10495, 9551, 7459, 7926, 9493, 10587, 9984, 10310, 8642, 7302, 8349, 10151, 10117, 10078, 9684, 8158, 7543, 8732, 9688, 10590, 11643, 10615, 9842, 8559, 9435, 12804, 13985, 13062, 12876, 10549, 8880, 9801, 12488, 12289, 12951, 10922, 9142, 8056, 9423, 9954, 13302, 13115, 11960, 10944, 7860, 6219, 7215, 7687, 7006, 7495, 6395, 5430, 4375, 4563, 4950, 5149, 5035, 4487, 4308, 3819, 4395, 4784, 4251, 4295, 3890, 3403, 2646, 2754, 3177, 3717, 3735, 3144, 2475, 2181, 2616, 2832, 3663, 2488, 2162, 1807, 1680, 1798, 2040, 2192, 1912, 2331, 1652, 1396, 1455, 1854, 1199, 913, 900, 868, 793, 934, 736, 481, 374, 239, 164, 123, 112, 74, 49, 16, 27, 15, 4, 3, 4, 1, 1, 0, 1, 0, 1, 0, 0, 0, 0, 0, 0, 0]

CDF
[0, 0, 0, 0, 0, 0, 0, 0, 0, 0, 0, 0, 0, 0, 0, 0, 0, 0, 0, 0, 0, 0, 0, 0, 0, 0, 0, 0, 0, 0, 0, 0, 0, 0, 0, 9, 42, 133, 295, 397, 636, 792, 942, 1089, 1238, 1476, 1672, 1873, 2075, 2277, 2458, 2654, 2895, 3166, 3445, 3671, 3902, 4145, 4416, 4741, 5134, 5566, 5890, 6135, 6392, 6761, 7202, 7723, 8263, 8729, 9166, 9612, 10157, 10897, 11855, 13330, 15009, 16936, 18216, 20385, 24807, 28007, 31844, 36514, 41178, 44140, 49021, 53567, 56777, 60483, 64523, 67240, 69971, 72506, 75715, 79584, 83806, 88093, 91930, 95292, 98411, 101722, 106020, 110786, 116066, 121541, 126718, 131450, 138159, 145510, 154447, 163389, 170261, 175609, 180002, 184309, 189209, 194402, 199392, 203993, 208644, 212934, 217502, 223143, 229444, 235842, 242521, 248743, 254318, 260477, 268265, 278162, 287414, 297909, 307460, 314919, 322845, 332338, 342925, 352909, 363219, 371861, 379163, 387512, 397663, 407780, 417858, 427542, 435700, 443243, 451975, 461663, 472253, 483896, 494511, 504353, 512912, 522347, 535151, 549136, 562198, 575074, 585623, 594503, 604304, 616792, 629081, 642032, 652954, 662096, 670152, 679575, 689529, 702831, 715946, 727906, 738850, 746710, 752929, 760144, 767831, 774837, 782332, 788727, 794157, 798532, 803095, 808045, 813194, 818229, 822716, 827024, 830843, 835238, 840022, 844273, 848568, 852458, 855861, 858507, 861261, 864438, 868155, 871890, 875034, 877509, 879690, 882306, 885138, 888801, 891289, 893451, 895258, 896938, 898736, 900776, 902968, 904880, 907211, 908863, 910259, 911714, 913568, 914767, 915680, 916580, 917448, 918241, 919175, 919911, 920392, 920766, 921005, 921169, 921292, 921404, 921478, 921527, 921543, 921570, 921585, 921589, 921592, 921596, 921597, 921598, 921598, 921599, 921599, 921600, 921600, 921600, 921600, 921600, 921600, 921600]

EQUALIZED HISTOGRAM 
[1864, 3693, 3600, 4164, 3606, 3449, 4422, 3200, 3837, 4670, 4664, 2962, 4881, 0, 4546, 3210, 3706, 4040, 2717, 5266, 3209, 3869, 4222, 4287, 3837, 3362, 3119, 3311, 4298, 4766, 0, 5280, 5475, 0, 5186, 4765, 6800, 162, 7453, 239, 9093, 150, 147, 9091, 238, 7068, 210, 5550, 202, 4574, 4503, 5141, 5464, 279, 5216, 4832, 4894, 271, 4615, 4961, 6073, 324, 6546, 6655, 369, 7120, 521, 6762, 466, 6012, 6605, 545, 8528, 958, 11372, 1679, 1927, 10532, 2169, 4422, 13695, 3837, 14221, 4664, 2962, 12340, 4546, 11136, 3706, 13533, 2717, 2731, 13122, 3209, 3869, 14206, 4287, 3837, 13672, 3119, 11953, 4298, 4766, 12582, 5475, 13526, 4732, 16860, 7351, 8937, 19059, 6872, 5348, 14471, 4307, 4900, 14877, 4990, 12759, 4651, 4290, 12111, 5641, 15033, 6398, 16367, 6222, 5575, 16749, 7788, 9897, 20895, 10495, 9551, 18074, 7926, 9493, 20429, 9984, 10310, 17201, 7302, 17784, 10151, 10117, 22882, 9684, 8158, 21528, 8732, 9688, 10590, 24705, 10615, 9842, 8559, 22311, 12804, 13985, 23611, 12876, 10549, 17760, 9801, 22289, 12289, 12951, 23410, 9142, 8056, 9423, 22243, 13302, 13115, 24911, 10944, 7860, 6219, 18137, 7687, 7006, 16637, 6395, 13486, 4375, 13986, 4950, 5149, 14989, 4487, 4308, 17121, 4395, 4784, 17366, 4295, 3890, 3403, 14606, 2754, 3177, 14661, 3735, 3144, 10335, 2181, 2616, 9051, 10878, 2488, 9849, 1807, 8686, 1798, 9535, 2192, 8307, 2331, 7082, 1396, 5830, 6417, 6149, 913, 6049, 5903, 5280, 934, 5044, 4300, 4769, 5023, 4415, 123, 4407, 3964, 3452, 2662, 5958, 3732, 3739, 3147, 2479, 4798, 2833, 3663, 2489, 3969, 3479, 4232, 4243, 3048, 3309, 3012, 3331, 1689]

Loaded image W = 1280, H = 720, actual cpp = 3 
Kernel Execution time is: 0.4385 milliseconds 

Kernel Execution time is: 2380.4128 milliseconds 

Kernel Execution time is: 23.3550 milliseconds













ograja

INITIAL HISTOGRAM 
[1, 0, 0, 0, 0, 0, 0, 1, 0, 0, 0, 1, 1, 0, 0, 1, 0, 0, 1, 0, 1, 4, 2, 1, 0, 3, 8, 2, 7, 12, 11, 17, 13, 19, 19, 32, 31, 28, 39, 42, 46, 64, 48, 44, 65, 86, 81, 102, 107, 101, 122, 132, 140, 146, 182, 147, 168, 208, 184, 186, 221, 216, 267, 275, 265, 325, 328, 353, 389, 401, 446, 422, 485, 512, 549, 582, 667, 682, 755, 737, 817, 873, 1004, 1034, 1126, 1157, 1264, 1389, 1428, 1518, 1636, 1711, 1847, 1913, 2026, 2061, 2235, 2321, 2390, 2500, 2832, 3406, 3891, 4300, 3707, 3708, 3903, 3651, 3700, 4053, 3716, 3468, 3479, 2996, 3012, 3139, 3056, 2882, 2645, 2726, 2638, 2632, 2778, 2657, 2658, 2568, 2487, 2573, 2142, 2031, 1748, 1466, 1439, 1390, 1645, 1429, 1383, 1478, 1545, 1515, 1530, 1899, 2193, 2453, 2543, 2261, 2739, 2990, 3139, 3044, 2948, 2862, 2437, 2297, 2217, 2333, 2399, 2448, 2640, 2605, 2775, 2535, 2526, 2325, 1977, 1857, 1705, 1628, 1476, 1356, 1178, 966, 962, 870, 807, 691, 674, 636, 530, 642, 595, 472, 524, 479, 420, 382, 375, 393, 323, 340, 326, 344, 343, 337, 285, 267, 259, 320, 358, 290, 276, 270, 206, 155, 123, 108, 109, 110, 97, 76, 69, 67, 63, 64, 59, 62, 32, 42, 44, 64, 51, 34, 16, 7, 0, 0, 0, 0, 1, 0, 0, 0, 0, 0, 0, 0, 0, 0, 0, 0, 0, 0, 0, 0, 0, 1, 0, 2, 2, 2, 1, 1, 2, 1, 3, 0]

CDF
[0, 1, 1, 1, 1, 1, 1, 1, 2, 2, 2, 2, 3, 4, 4, 4, 5, 5, 5, 6, 6, 7, 11, 13, 14, 14, 17, 25, 27, 34, 46, 57, 74, 87, 106, 125, 157, 188, 216, 255, 297, 343, 407, 455, 499, 564, 650, 731, 833, 940, 1041, 1163, 1295, 1435, 1581, 1763, 1910, 2078, 2286, 2470, 2656, 2877, 3093, 3360, 3635, 3900, 4225, 4553, 4906, 5295, 5696, 6142, 6564, 7049, 7561, 8110, 8692, 9359, 10041, 10796, 11533, 12350, 13223, 14227, 15261, 16387, 17544, 18808, 20197, 21625, 23143, 24779, 26490, 28337, 30250, 32276, 34337, 36572, 38893, 41283, 43783, 46615, 50021, 53912, 58212, 61919, 65627, 69530, 73181, 76881, 80934, 84650, 88118, 91597, 94593, 97605, 100744, 103800, 106682, 109327, 112053, 114691, 117323, 120101, 122758, 125416, 127984, 130471, 133044, 135186, 137217, 138965, 140431, 141870, 143260, 144905, 146334, 147717, 149195, 150740, 152255, 153785, 155684, 157877, 160330, 162873, 165134, 167873, 170863, 174002, 177046, 179994, 182856, 185293, 187590, 189807, 192140, 194539, 196987, 199627, 202232, 205007, 207542, 210068, 212393, 214370, 216227, 217932, 219560, 221036, 222392, 223570, 224536, 225498, 226368, 227175, 227866, 228540, 229176, 229706, 230348, 230943, 231415, 231939, 232418, 232838, 233220, 233595, 233988, 234311, 234651, 234977, 235321, 235664, 236001, 236286, 236553, 236812, 237132, 237490, 237780, 238056, 238326, 238532, 238687, 238810, 238918, 239027, 239137, 239234, 239310, 239379, 239446, 239509, 239573, 239632, 239694, 239726, 239768, 239812, 239876, 239927, 239961, 239977, 239984, 239984, 239984, 239984, 239984, 239985, 239985, 239985, 239985, 239985, 239985, 239985, 239985, 239985, 239985, 239985, 239985, 239985, 239985, 239985, 239985, 239985, 239986, 239986, 239988, 239990, 239992, 239993, 239994, 239996, 239997, 240000]

EQUALIZED HISTOGRAM 
[499, 936, 1035, 890, 1193, 742, 847, 1420, 549, 1249, 682, 1493, 818, 873, 1004, 1035, 1126, 1157, 1, 1264, 1390, 1432, 2, 1519, 0, 1639, 1719, 2, 1854, 12, 1924, 17, 2039, 19, 2080, 32, 2266, 28, 39, 2363, 46, 2454, 48, 44, 2565, 86, 81, 2934, 107, 101, 3528, 132, 140, 4037, 182, 147, 168, 4508, 184, 186, 221, 216, 3974, 275, 265, 325, 4036, 353, 389, 401, 4349, 422, 485, 512, 4200, 582, 667, 682, 4455, 737, 817, 873, 5057, 1034, 1126, 1157, 4980, 1389, 1428, 1518, 5104, 1711, 1847, 1913, 5505, 2061, 2235, 5317, 2390, 2500, 2832, 6418, 3891, 4300, 6846, 3708, 3903, 6707, 3700, 4053, 6598, 3468, 3479, 5641, 3012, 3139, 5782, 2882, 2645, 5364, 2638, 2632, 5410, 2657, 2658, 5346, 2487, 2573, 4799, 2031, 4406, 1466, 1439, 3958, 1645, 1429, 3870, 1478, 1545, 4088, 1530, 4041, 2193, 2453, 4574, 2261, 4487, 2990, 4605, 4483, 2948, 4252, 4082, 2297, 3646, 3716, 2399, 3926, 2640, 4150, 4290, 2535, 4056, 4224, 1977, 4050, 1705, 1628, 3929, 1356, 3721, 966, 962, 3131, 807, 3430, 674, 636, 3520, 642, 595, 472, 3663, 479, 420, 3426, 375, 393, 3271, 340, 326, 3206, 343, 337, 2722, 267, 259, 2617, 358, 2507, 276, 270, 2539, 155, 2522, 108, 109, 2558, 97, 2716, 69, 67, 2668, 64, 59, 2837, 32, 42, 2579, 64, 51, 2560, 17, 2332, 0, 0, 1977, 0, 1858, 0, 1705, 0, 1628, 1476, 0, 1356, 1178, 0, 966, 962, 870, 1498, 674, 1166, 642, 1068, 1003, 804, 770, 991, 1025, 812, 970, 908, 889, 427]



Loaded image W = 400, H = 600, actual cpp = 3 
Kernel Execution time is: 0.2159 milliseconds 

Kernel Execution time is: 230.8772 milliseconds

Kernel Execution time is: 6.1029 milliseconds 














puscava

INITIAL HISTOGRAM 
[0, 0, 0, 0, 0, 0, 0, 0, 0, 0, 0, 0, 0, 0, 0, 0, 0, 0, 0, 0, 0, 0, 0, 0, 0, 0, 0, 0, 0, 0, 1, 0, 2, 3, 8, 8, 11, 20, 26, 20, 33, 24, 21, 27, 24, 37, 48, 73, 123, 185, 304, 418, 497, 644, 639, 762, 797, 845, 820, 900, 962, 1044, 1194, 1210, 1256, 1294, 1286, 1227, 1132, 1100, 1030, 1013, 1024, 1346, 1321, 1947, 2109, 2028, 2022, 1912, 2255, 2745, 3232, 2813, 2599, 2021, 1904, 1983, 1944, 2140, 2469, 2505, 3477, 3919, 3923, 3851, 3924, 4195, 4217, 4416, 4785, 5492, 5569, 5819, 5912, 5910, 6010, 6359, 6498, 6896, 7404, 7486, 7795, 8071, 8034, 8208, 8241, 8056, 8481, 8606, 9179, 10057, 11126, 12423, 13716, 14224, 15661, 17226, 18237, 19857, 21868, 22367, 22653, 26053, 25965, 24487, 24395, 23987, 24101, 22893, 17922, 15443, 12580, 8326, 6835, 6703, 5847, 3090, 3453, 1428, 663, 375, 421, 534, 212, 72, 13, 16, 11, 2, 8, 4, 3, 5, 4, 0, 1, 1, 3, 0, 0, 0, 0, 1, 0, 0, 0, 0, 0, 0, 0, 0, 0, 0, 0, 0, 0, 0, 0, 0, 0, 0, 0, 0, 0, 0, 0, 0, 0, 0, 0, 0, 0, 0, 0, 0, 0, 0, 0, 0, 0, 0, 0, 0, 0, 0, 0, 0, 0, 0, 0, 0, 0, 0, 0, 0, 0, 0, 0, 0, 0, 0, 0, 0, 0, 0, 0, 0, 0, 0, 0, 0, 0, 0, 0, 0, 0, 0, 0, 0, 0, 0, 0, 0, 0, 0]

CDF
[0, 0, 0, 0, 0, 0, 0, 0, 0, 0, 0, 0, 0, 0, 0, 0, 0, 0, 0, 0, 0, 0, 0, 0, 0, 0, 0, 0, 0, 0, 0, 1, 1, 3, 6, 14, 22, 33, 53, 79, 99, 132, 156, 177, 204, 228, 265, 313, 386, 509, 694, 998, 1416, 1913, 2557, 3196, 3958, 4755, 5600, 6420, 7320, 8282, 9326, 10520, 11730, 12986, 14280, 15566, 16793, 17925, 19025, 20055, 21068, 22092, 23438, 24759, 26706, 28815, 30843, 32865, 34777, 37032, 39777, 43009, 45822, 48421, 50442, 52346, 54329, 56273, 58413, 60882, 63387, 66864, 70783, 74706, 78557, 82481, 86676, 90893, 95309, 100094, 105586, 111155, 116974, 122886, 128796, 134806, 141165, 147663, 154559, 161963, 169449, 177244, 185315, 193349, 201557, 209798, 217854, 226335, 234941, 244120, 254177, 265303, 277726, 291442, 305666, 321327, 338553, 356790, 376647, 398515, 420882, 443535, 469588, 495553, 520040, 544435, 568422, 592523, 615416, 633338, 648781, 661361, 669687, 676522, 683225, 689072, 692162, 695615, 697043, 697706, 698081, 698502, 699036, 699248, 699320, 699333, 699349, 699360, 699362, 699370, 699374, 699377, 699382, 699386, 699386, 699387, 699388, 699391, 699391, 699391, 699391, 699391, 699392, 699392, 699392, 699392, 699392, 699392, 699392, 699392, 699392, 699392, 699392, 699392, 699392, 699392, 699392, 699392, 699392, 699392, 699392, 699392, 699392, 699392, 699392, 699392, 699392, 699392, 699392, 699392, 699392, 699392, 699392, 699392, 699392, 699392, 699392, 699392, 699392, 699392, 699392, 699392, 699392, 699392, 699392, 699392, 699392, 699392, 699392, 699392, 699392, 699392, 699392, 699392, 699392, 699392, 699392, 699392, 699392, 699392, 699392, 699392, 699392, 699392, 699392, 699392, 699392, 699392, 699392, 699392, 699392, 699392, 699392, 699392, 699392, 699392, 699392, 699392, 699392, 699392, 699392, 699392, 699392, 699392]

EQUALIZED HISTOGRAM 
[1415, 3339, 2565, 3200, 2466, 2580, 2360, 3143, 2370, 3268, 2109, 4050, 1912, 2255, 2745, 3232, 2813, 2599, 3925, 1983, 1944, 4609, 2505, 3477, 3919, 0, 3923, 3851, 0, 3924, 4196, 0, 4219, 4419, 8, 4793, 5503, 20, 5595, 20, 33, 5843, 21, 5939, 24, 5947, 48, 6083, 123, 6544, 304, 6916, 497, 644, 7535, 762, 8201, 845, 820, 8386, 962, 1044, 8989, 1210, 1256, 9365, 1286, 1227, 9166, 1100, 9238, 1013, 1024, 9587, 1321, 1947, 10165, 2028, 2022, 10393, 2255, 2745, 3232, 11419, 2599, 2021, 11083, 1983, 1944, 12197, 2469, 2505, 3477, 15045, 3923, 3851, 3924, 16618, 4217, 4416, 4785, 19208, 5569, 5819, 5912, 5910, 20234, 6359, 6498, 6896, 7404, 23147, 7795, 8071, 8034, 8208, 8241, 25282, 8481, 8606, 9179, 10057, 11126, 30660, 13716, 14224, 15661, 17226, 18237, 19857, 41725, 22367, 22653, 26053, 25965, 24487, 24395, 45855, 24101, 22893, 17922, 15443, 12580, 8326, 6835, 29070, 5847, 3090, 3453, 1428, 663, 375, 421, 23187, 212, 72, 13, 16, 11, 2, 8, 4, 26056, 5, 4, 0, 1, 1, 3, 0, 0, 25965, 0, 1, 0, 0, 0, 0, 0, 0, 0, 24487, 0, 0, 0, 0, 0, 0, 0, 0, 24395, 0, 0, 0, 0, 0, 0, 0, 0, 23987, 0, 0, 0, 0, 0, 0, 0, 24101, 0, 0, 0, 0, 0, 0, 0, 0, 22893, 0, 0, 0, 0, 0, 0, 0, 17922, 0, 0, 0, 0, 0, 0, 15443, 0, 0, 0, 0, 0, 12580, 0, 0, 0, 8326, 0, 0, 6835, 0, 0, 6703, 0, 5847, 0, 3090, 3453, 0, 2466, 1311]

paralel
Loaded image W = 1024, H = 683, actual cpp = 1 
Kernel Execution time is: 0.3530 milliseconds 

parallel 1 thread
Kernel Execution time is: 1513.1527 milliseconds 

Kernel Execution time is: 17.7262 milliseconds




flower2
INITIAL HISTOGRAM 
[0, 0, 0, 0, 0, 0, 0, 0, 0, 0, 0, 0, 0, 0, 0, 0, 0, 0, 0, 0, 0, 0, 0, 0, 0, 0, 0, 0, 0, 0, 0, 0, 0, 0, 0, 0, 0, 0, 0, 0, 0, 0, 0, 0, 0, 0, 0, 0, 0, 0, 0, 0, 0, 0, 0, 0, 1, 0, 0, 0, 0, 0, 0, 0, 0, 1, 1, 0, 2, 4, 1, 1, 6, 2, 6, 2, 7, 6, 13, 11, 15, 14, 17, 14, 31, 27, 47, 40, 57, 54, 69, 114, 115, 150, 158, 227, 245, 331, 379, 419, 476, 533, 542, 578, 605, 662, 741, 712, 748, 739, 694, 626, 672, 605, 684, 644, 618, 598, 674, 638, 605, 565, 566, 590, 558, 558, 527, 539, 547, 482, 508, 458, 422, 401, 416, 445, 422, 381, 415, 373, 394, 379, 381, 389, 372, 336, 348, 366, 359, 369, 393, 366, 326, 338, 339, 333, 345, 364, 315, 320, 307, 351, 318, 313, 299, 344, 314, 268, 258, 276, 266, 249, 226, 248, 231, 214, 226, 223, 214, 223, 227, 207, 222, 227, 217, 256, 215, 217, 215, 193, 225, 209, 240, 219, 202, 212, 247, 232, 233, 258, 213, 205, 215, 215, 230, 212, 246, 219, 226, 232, 221, 235, 237, 240, 211, 217, 229, 206, 201, 229, 227, 177, 227, 197, 212, 170, 190, 192, 171, 163, 184, 156, 143, 122, 168, 134, 134, 97, 101, 109, 84, 64, 56, 56, 41, 41, 31, 30, 23, 16, 25, 15, 11, 12, 14, 41]

CDF
[0, 0, 0, 0, 0, 0, 0, 0, 0, 0, 0, 0, 0, 0, 0, 0, 0, 0, 0, 0, 0, 0, 0, 0, 0, 0, 0, 0, 0, 0, 0, 0, 0, 0, 0, 0, 0, 0, 0, 0, 0, 0, 0, 0, 0, 0, 0, 0, 0, 0, 0, 0, 0, 0, 0, 0, 0, 1, 1, 1, 1, 1, 1, 1, 1, 1, 2, 3, 3, 5, 9, 10, 11, 17, 19, 25, 27, 34, 40, 53, 64, 79, 93, 110, 124, 155, 182, 229, 269, 326, 380, 449, 563, 678, 828, 986, 1213, 1458, 1789, 2168, 2587, 3063, 3596, 4138, 4716, 5321, 5983, 6724, 7436, 8184, 8923, 9617, 10243, 10915, 11520, 12204, 12848, 13466, 14064, 14738, 15376, 15981, 16546, 17112, 17702, 18260, 18818, 19345, 19884, 20431, 20913, 21421, 21879, 22301, 22702, 23118, 23563, 23985, 24366, 24781, 25154, 25548, 25927, 26308, 26697, 27069, 27405, 27753, 28119, 28478, 28847, 29240, 29606, 29932, 30270, 30609, 30942, 31287, 31651, 31966, 32286, 32593, 32944, 33262, 33575, 33874, 34218, 34532, 34800, 35058, 35334, 35600, 35849, 36075, 36323, 36554, 36768, 36994, 37217, 37431, 37654, 37881, 38088, 38310, 38537, 38754, 39010, 39225, 39442, 39657, 39850, 40075, 40284, 40524, 40743, 40945, 41157, 41404, 41636, 41869, 42127, 42340, 42545, 42760, 42975, 43205, 43417, 43663, 43882, 44108, 44340, 44561, 44796, 45033, 45273, 45484, 45701, 45930, 46136, 46337, 46566, 46793, 46970, 47197, 47394, 47606, 47776, 47966, 48158, 48329, 48492, 48676, 48832, 48975, 49097, 49265, 49399, 49533, 49630, 49731, 49840, 49924, 49988, 50044, 50100, 50141, 50182, 50213, 50243, 50266, 50282, 50307, 50322, 50333, 50345, 50359]

EQUALIZED HISTOGRAM 
[109, 216, 237, 265, 158, 227, 245, 331, 0, 379, 0, 419, 0, 476, 0, 533, 0, 0, 542, 0, 0, 578, 0, 0, 605, 0, 0, 662, 0, 0, 741, 0, 0, 0, 712, 0, 0, 0, 748, 0, 0, 739, 0, 0, 0, 694, 0, 0, 0, 626, 0, 0, 672, 0, 0, 605, 1, 0, 684, 0, 0, 0, 644, 0, 0, 619, 1, 0, 600, 4, 1, 675, 6, 2, 6, 640, 7, 6, 618, 11, 15, 579, 17, 14, 597, 27, 47, 630, 57, 54, 627, 114, 673, 150, 158, 754, 245, 331, 918, 419, 476, 1080, 542, 1060, 606, 662, 1249, 712, 1206, 739, 694, 1048, 672, 1006, 684, 1060, 618, 1043, 674, 1060, 605, 946, 566, 1005, 558, 931, 527, 933, 547, 861, 508, 839, 422, 790, 416, 817, 422, 717, 415, 721, 760, 379, 740, 389, 741, 336, 741, 366, 725, 369, 719, 704, 326, 677, 339, 666, 345, 709, 679, 320, 622, 351, 638, 620, 299, 695, 314, 586, 571, 276, 565, 593, 226, 562, 231, 482, 484, 499, 214, 489, 476, 433, 222, 475, 448, 470, 441, 440, 429, 416, 225, 436, 447, 441, 429, 429, 503, 447, 450, 258, 428, 398, 440, 424, 470, 431, 448, 431, 473, 464, 221, 468, 495, 453, 416, 432, 444, 436, 201, 441, 473, 396, 453, 429, 433, 405, 190, 429, 411, 374, 401, 385, 349, 323, 397, 134, 361, 274, 328, 306, 296, 234, 246, 248, 212, 388, 187, 173, 313, 150, 159, 213, 204, 229, 180, 134]


Loaded image W = 280, H = 180, actual cpp = 3 
Kernel Execution time is: 0.1968 milliseconds 

Kernel Execution time is: 20.8876 milliseconds 


Kernel Execution time is: 1.2869 milliseconds 













ferari


INITIAL HISTOGRAM 
[0, 0, 0, 0, 0, 0, 0, 0, 0, 0, 0, 0, 0, 0, 0, 0, 0, 0, 0, 0, 0, 0, 0, 0, 0, 0, 0, 0, 0, 0, 0, 0, 0, 0, 0, 0, 0, 0, 0, 0, 0, 0, 0, 0, 0, 0, 0, 0, 0, 0, 0, 0, 0, 0, 0, 0, 0, 0, 0, 0, 0, 0, 0, 0, 0, 0, 0, 0, 0, 0, 0, 0, 0, 0, 0, 0, 0, 0, 0, 0, 0, 0, 0, 0, 0, 0, 0, 0, 0, 0, 0, 0, 0, 1, 0, 6, 16, 64, 245, 1153, 3140, 2338, 2424, 2902, 2637, 2739, 3154, 3442, 4269, 5163, 4934, 4549, 3850, 3350, 3386, 3404, 3513, 3274, 3449, 3508, 3464, 3600, 3885, 4054, 4499, 4879, 4691, 4768, 4415, 4099, 3621, 3951, 3731, 4178, 4713, 3862, 3859, 3640, 3644, 3332, 2891, 2820, 2513, 2396, 2106, 1803, 1607, 1449, 1432, 1404, 1382, 1407, 1378, 1398, 1616, 1664, 1760, 1974, 1808, 1839, 1645, 1259, 1129, 928, 681, 631, 692, 660, 755, 709, 505, 493, 419, 344, 376, 546, 755, 1605, 146, 53, 14, 9, 2, 1, 0, 1, 0, 0, 0, 0, 0, 0, 0, 0, 0, 0, 0, 0, 0, 0, 0, 0, 0, 0, 0, 0, 0, 0, 0, 0, 0, 0, 0, 0, 0, 0, 0, 0, 0, 0, 0, 0, 0, 0, 0, 0, 0, 0, 0, 0, 0, 0, 0, 0, 0, 0, 0, 0, 0, 0, 0, 0, 0, 0, 0, 0, 0, 0, 0, 0, 0, 0, 0, 0, 0, 0]

CDF
[0, 0, 0, 0, 0, 0, 0, 0, 0, 0, 0, 0, 0, 0, 0, 0, 0, 0, 0, 0, 0, 0, 0, 0, 0, 0, 0, 0, 0, 0, 0, 0, 0, 0, 0, 0, 0, 0, 0, 0, 0, 0, 0, 0, 0, 0, 0, 0, 0, 0, 0, 0, 0, 0, 0, 0, 0, 0, 0, 0, 0, 0, 0, 0, 0, 0, 0, 0, 0, 0, 0, 0, 0, 0, 0, 0, 0, 0, 0, 0, 0, 0, 0, 0, 0, 0, 0, 0, 0, 0, 0, 0, 0, 0, 1, 1, 7, 23, 87, 332, 1485, 4625, 6963, 9387, 12289, 14926, 17665, 20819, 24261, 28530, 33693, 38627, 43176, 47026, 50376, 53762, 57166, 60679, 63953, 67402, 70910, 74374, 77974, 81859, 85913, 90412, 95291, 99982, 104750, 109165, 113264, 116885, 120836, 124567, 128745, 133458, 137320, 141179, 144819, 148463, 151795, 154686, 157506, 160019, 162415, 164521, 166324, 167931, 169380, 170812, 172216, 173598, 175005, 176383, 177781, 179397, 181061, 182821, 184795, 186603, 188442, 190087, 191346, 192475, 193403, 194084, 194715, 195407, 196067, 196822, 197531, 198036, 198529, 198948, 199292, 199668, 200214, 200969, 202574, 202720, 202773, 202787, 202796, 202798, 202799, 202799, 202800, 202800, 202800, 202800, 202800, 202800, 202800, 202800, 202800, 202800, 202800, 202800, 202800, 202800, 202800, 202800, 202800, 202800, 202800, 202800, 202800, 202800, 202800, 202800, 202800, 202800, 202800, 202800, 202800, 202800, 202800, 202800, 202800, 202800, 202800, 202800, 202800, 202800, 202800, 202800, 202800, 202800, 202800, 202800, 202800, 202800, 202800, 202800, 202800, 202800, 202800, 202800, 202800, 202800, 202800, 202800, 202800, 202800, 202800, 202800, 202800, 202800, 202800, 202800, 202800, 202800, 202800, 202800, 202800, 202800]

EQUALIZED HISTOGRAM 
[1484, 0, 3140, 0, 0, 0, 2338, 0, 0, 2424, 0, 0, 2902, 0, 0, 2637, 0, 0, 0, 2739, 0, 0, 3154, 0, 0, 0, 3442, 0, 0, 0, 0, 4269, 0, 0, 0, 0, 5163, 0, 0, 0, 0, 0, 4934, 0, 0, 0, 0, 0, 0, 4549, 0, 0, 0, 0, 3850, 0, 0, 0, 0, 3350, 0, 0, 0, 3386, 0, 0, 0, 0, 3404, 0, 0, 0, 3513, 0, 0, 0, 3274, 0, 0, 0, 3449, 0, 0, 0, 0, 3508, 0, 0, 0, 3464, 0, 0, 0, 1, 3600, 6, 16, 64, 4130, 1153, 3140, 2338, 2424, 6956, 2637, 2739, 3154, 3442, 8768, 5163, 4934, 4549, 3850, 3350, 8265, 3404, 3513, 3274, 3449, 3508, 8155, 3600, 3885, 4054, 4499, 4879, 9459, 4768, 4415, 4099, 3621, 3951, 8146, 4178, 4713, 3862, 3859, 7739, 3644, 3332, 2891, 2820, 6134, 2396, 2106, 1803, 1607, 5400, 1432, 1404, 1382, 1407, 5109, 1398, 1616, 1664, 1760, 6152, 1808, 1839, 1645, 1259, 5842, 928, 681, 631, 692, 660, 4617, 709, 505, 493, 419, 4203, 376, 546, 755, 1605, 3786, 53, 14, 9, 3646, 2, 0, 1, 0, 3332, 0, 0, 0, 2891, 0, 0, 0, 2820, 0, 0, 2513, 0, 0, 2396, 0, 0, 2106, 0, 0, 1803, 0, 1607, 0, 1449, 0, 1432, 0, 1404, 0, 1382, 1407, 0, 1378, 0, 1398, 0, 1616, 0, 1664, 0, 1760, 0, 1974, 0, 1808, 0, 0, 1839, 0, 1645, 0, 1259, 0, 1129, 928, 681, 631, 692, 660, 1464, 505, 493, 763, 922, 755, 1605, 0, 226]





Loaded image W = 600, H = 338, actual cpp = 1 
Kernel Execution time is: 0.2082 milliseconds 


Kernel Execution time is: 197.1191 milliseconds 


Kernel Execution time is: 5.1372 milliseconds 







==========  cudaDeviceGetProperties ============  

Device 0: "Tesla V100S-PCIE-32GB"
  GPU Clock Rate (MHz):                          1597
  Memory Clock Rate (MHz):                       1107
  Memory Bus Width (bits):                       4096
  Peak Memory Bandwidth (GB/s):                  1133.57
  CUDA Cores/MP:                                 64
  CUDA Cores:                                    5120
  Total amount of global memory:                 32 GB
  Total amount of shared memory per block:       48 kB
  Total number of registers available per block: 65536
  Warp size:                                     32
  Maximum number of threads per block:           1024
  Max dimension size of a thread block (x,y,z): (1024, 1024, 64)
  Max dimension size of a grid size    (x,y,z): (2147483647, 65535, 65535)


==========  cudaDeviceGetAttribute ============  

Device 0: "Tesla V100S-PCIE-32GB"
  Max number of threads per block:              1024
  Max block dimension X:                        1024
  Max block dimension Y:                        1024
  Max block dimension Z:                        64
  Max grid dimension X:                         2147483647
  Max grid dimension Y:                         65535
  Max grid dimension Z:                         65535
  Max shared memory per block:                  49152
  Warp size:                                    32
  Peak clock frequency in kilohertz:            1597000
  Peak memory clock frequency in kilohertz:     1107000
  Global memory bus width in bits:              4096
  Size of L2 cache in bytes:                    6291456
  Maximum resident threads per SM:              2048
  Major compute capability version number:      7
  Minor compute capability version number:      0
  Max shared memory per SM in bytes:            98304
  Max number of 32-bit registers per SM:        65536
  Max per block shared mem size on the device:  98304
  Max thread blocks that can reside on a SM:    32